4.266102015972137451e-01
2.949584722518920898e-01
1.985645294189453125e-01
1.455733627080917358e-01
1.120276525616645813e-01
8.964902907609939575e-02
7.425965368747711182e-02
6.223050877451896667e-02
5.374164134263992310e-02
4.719901457428932190e-02
4.202467948198318481e-02
3.785110265016555786e-02
3.443860262632369995e-02
3.159183636307716370e-02
2.921034023165702820e-02
2.717112004756927490e-02
2.542985044419765472e-02
2.398916520178318024e-02
2.258311212062835693e-02
2.140505239367485046e-02
2.038641460239887238e-02
1.946346089243888855e-02
1.860522478818893433e-02
1.786311529576778412e-02
1.711247488856315613e-02
1.633324660360813141e-02
1.569192111492156982e-02
1.520569715648889542e-02
1.447725109755992889e-02
1.392501499503850937e-02
1.340639963746070862e-02
1.431646384298801422e-02
1.362088322639465332e-02
1.280673220753669739e-02
1.269536651670932770e-02
1.261723134666681290e-02
1.251227036118507385e-02
1.241877023130655289e-02
1.230220403522253036e-02
1.233616098761558533e-02
1.209139544516801834e-02
1.206257753074169159e-02
1.209411770105361938e-02
1.189108379185199738e-02
1.182352937757968903e-02
1.177402958273887634e-02
1.165503636002540588e-02
1.143402885645627975e-02
1.137923076748847961e-02
1.134876161813735962e-02
1.149720139801502228e-02
1.115276105701923370e-02
1.106950175017118454e-02
1.108176633715629578e-02
1.091218180954456329e-02
1.123768370598554611e-02
1.089505013078451157e-02
1.081369351595640182e-02
1.058046240359544754e-02
1.053631771355867386e-02
1.043562963604927063e-02
1.051245722919702530e-02
1.026110909879207611e-02
1.023094449192285538e-02
1.007569022476673126e-02
1.005500182509422302e-02
9.894042275846004486e-03
9.843336418271064758e-03
9.838663972914218903e-03
9.760517627000808716e-03
9.487248025834560394e-03
9.376643225550651550e-03
9.496593847870826721e-03
9.223602712154388428e-03
9.120332077145576477e-03
8.983960375189781189e-03
8.934466168284416199e-03
8.828096091747283936e-03
8.726739324629306793e-03
8.614771999418735504e-03
8.472502231597900391e-03
8.417839184403419495e-03
8.321311324834823608e-03
8.224111050367355347e-03
8.114615455269813538e-03
8.141113445162773132e-03
7.936397567391395569e-03
7.884510792791843414e-03
7.790458388626575470e-03
7.741609122604131699e-03
7.707558572292327881e-03
7.785940077155828476e-03
7.624438963830471039e-03
7.533493451774120331e-03
7.480673957616090775e-03
7.393101230263710022e-03
7.428048644214868546e-03
7.248573005199432373e-03
7.208124268800020218e-03
7.160920649766921997e-03
7.062547374516725540e-03
7.062125485390424728e-03
7.117098197340965271e-03
6.953041534870862961e-03
6.932872813194990158e-03
6.835789419710636139e-03
6.866221316158771515e-03
6.756445858627557755e-03
6.723108701407909393e-03
6.798591930419206619e-03
6.729391403496265411e-03
6.585452705621719360e-03
6.512416061013936996e-03
6.578343920409679413e-03
6.509543862193822861e-03
6.464597769081592560e-03
6.422959268093109131e-03
6.496383342891931534e-03
6.308863870799541473e-03
6.358344573527574539e-03
6.279428023844957352e-03
6.230759900063276291e-03
6.277085747569799423e-03
6.292568519711494446e-03
6.193011067807674408e-03
6.137234158813953400e-03
6.063192617148160934e-03
6.065269000828266144e-03
5.988520570099353790e-03
6.026499439030885696e-03
5.946179386228322983e-03
5.954512394964694977e-03
5.884967278689146042e-03
5.902214907109737396e-03
5.876850336790084839e-03
5.835916846990585327e-03
5.801543593406677246e-03
5.742961075156927109e-03
5.731076467782258987e-03
5.683276802301406860e-03
5.693439859896898270e-03
5.704389885067939758e-03
5.584584549069404602e-03
5.561418831348419189e-03
5.568894557654857635e-03
5.498320329934358597e-03
5.474263336509466171e-03
5.421090871095657349e-03
5.392839200794696808e-03
5.372098181396722794e-03
5.380601622164249420e-03
5.345971323549747467e-03
5.344401579350233078e-03
5.284659098833799362e-03
5.259110126644372940e-03
5.234918557107448578e-03
5.163817200809717178e-03
5.130442790687084198e-03
5.169366486370563507e-03
5.077615845948457718e-03
5.028934217989444733e-03
5.070290062576532364e-03
4.972148220986127853e-03
4.967493005096912384e-03
4.950757604092359543e-03
4.939882084727287292e-03
4.891374148428440094e-03
4.879795946180820465e-03
4.829658661037683487e-03
4.894330166280269623e-03
4.854007624089717865e-03
4.794728942215442657e-03
4.800072871148586273e-03
4.713933914899826050e-03
4.810681566596031189e-03
4.681883845478296280e-03
4.709177650511264801e-03
4.620118997991085052e-03
4.618748556822538376e-03
4.674846772104501724e-03
4.592920187860727310e-03
4.634397570043802261e-03
4.530264995992183685e-03
4.604376386851072311e-03
4.512018989771604538e-03
4.562681540846824646e-03
4.489783663302659988e-03
4.447711165994405746e-03
4.516883753240108490e-03
4.460312426090240479e-03
4.512823652476072311e-03
4.456673748791217804e-03
4.420558456331491470e-03
4.383316263556480408e-03
4.404558334499597549e-03
4.430494271218776703e-03
4.373582545667886734e-03
4.350333940237760544e-03
4.324370529502630234e-03
4.345125053077936172e-03
4.314963705837726593e-03
4.364622291177511215e-03
4.340084269642829895e-03
4.255834035575389862e-03
4.262569826096296310e-03
4.271240439265966415e-03
4.270939156413078308e-03
4.241866525262594223e-03
4.293388687074184418e-03
4.252024460583925247e-03
4.244333598762750626e-03
4.221583716571331024e-03
4.220899194478988647e-03
4.219752736389636993e-03
4.201007075607776642e-03
4.220870789140462875e-03
4.220098257064819336e-03
4.197537899017333984e-03
4.272167570888996124e-03
4.170919302850961685e-03
4.217220470309257507e-03
4.197750240564346313e-03
4.178811796009540558e-03
4.166149999946355820e-03
4.202162381261587143e-03
4.185126163065433502e-03
4.176535643637180328e-03
4.161186981946229935e-03
4.178502596914768219e-03
4.145708400756120682e-03
4.159843083471059799e-03
4.223042633384466171e-03
4.161385819315910339e-03
4.166484344750642776e-03
4.139113705605268478e-03
4.163052886724472046e-03
4.150849301367998123e-03
4.166644066572189331e-03
4.133102484047412872e-03
4.152003210037946701e-03
4.135146271437406540e-03
4.150687251240015030e-03
4.124825354665517807e-03
4.184272140264511108e-03
4.176828078925609589e-03
4.137760028243064880e-03
4.134666640311479568e-03
4.133262205868959427e-03
4.121487494558095932e-03
4.145643673837184906e-03
4.123040940612554550e-03
4.167908802628517151e-03
4.137500189244747162e-03
4.122824408113956451e-03
4.124786704778671265e-03
4.121500067412853241e-03
4.150976892560720444e-03
4.118091892451047897e-03
4.132742993533611298e-03
4.129868466407060623e-03
4.128783941268920898e-03
4.130961373448371887e-03
4.119824152439832687e-03
4.108006134629249573e-03
4.122688435018062592e-03
4.103210289031267166e-03
4.157023970037698746e-03
4.137666895985603333e-03
4.116992466151714325e-03
4.131448455154895782e-03
4.111416172236204147e-03
4.109809175133705139e-03
4.129723645746707916e-03
4.127627238631248474e-03
4.099940881133079529e-03
4.125136882066726685e-03
4.110380541533231735e-03
4.107940010726451874e-03
4.112168215215206146e-03
4.119612742215394974e-03
4.109360277652740479e-03
4.118918906897306442e-03
4.117358941584825516e-03
4.107005428522825241e-03
4.112791735678911209e-03
4.102457314729690552e-03
4.118673503398895264e-03
4.126510582864284515e-03
4.099125042557716370e-03
4.121615085750818253e-03
4.104101564735174179e-03
4.122766200453042984e-03
4.101410042494535446e-03
4.095777403563261032e-03
4.106378648430109024e-03
4.099085927009582520e-03
4.104887600988149643e-03
4.121391568332910538e-03
4.099976271390914917e-03
4.096362739801406860e-03
4.109863657504320145e-03
4.094636999070644379e-03
4.100892692804336548e-03
4.101809579879045486e-03
4.095383454114198685e-03
4.115731455385684967e-03
4.108086228370666504e-03
4.095209762454032898e-03
4.093579482287168503e-03
4.099418874830007553e-03
4.094468429684638977e-03
4.092795308679342270e-03
4.093813244253396988e-03
4.089629743248224258e-03
4.095816053450107574e-03
4.091262351721525192e-03
4.089355003088712692e-03
4.116339609026908875e-03
4.099138546735048294e-03
4.090947564691305161e-03
4.103015176951885223e-03
4.090455826371908188e-03
4.088403657078742981e-03
4.086981527507305145e-03
4.089297726750373840e-03
4.090271890163421631e-03
4.087102599442005157e-03
4.086105152964591980e-03
4.089093767106533051e-03
4.085198510438203812e-03
4.094842821359634399e-03
4.086414352059364319e-03
4.085110966116189957e-03
4.084556363523006439e-03
4.111198708415031433e-03
4.087074659764766693e-03
4.084849264472723007e-03
4.083806648850440979e-03
4.083297215402126312e-03
4.083128646016120911e-03
4.082475788891315460e-03
4.082678817212581635e-03
4.081869032233953476e-03
4.081721883267164230e-03
4.084416199475526810e-03
4.088016692548990250e-03
4.083355888724327087e-03
4.082590807229280472e-03
4.080927930772304535e-03
4.080542363226413727e-03
4.086719825863838196e-03
4.079558420926332474e-03
4.079346545040607452e-03
4.078931640833616257e-03
4.078710451722145081e-03
4.078320693224668503e-03
4.078025463968515396e-03
4.077764227986335754e-03
4.077436402440071106e-03
4.077396821230649948e-03
4.080173093825578690e-03
4.077930934727191925e-03
4.076059442013502121e-03
4.075737670063972473e-03
4.076038487255573273e-03
4.075175151228904724e-03
4.075252916663885117e-03
4.074275959283113480e-03
4.073843359947204590e-03
4.073411691933870316e-03
4.076727665960788727e-03
4.080337472259998322e-03
4.079509526491165161e-03
4.080544225871562958e-03
4.078496713191270828e-03
4.077907651662826538e-03
4.077279474586248398e-03
4.077328834682703018e-03
4.076144192367792130e-03
4.079287406057119370e-03
4.078556783497333527e-03
4.079466685652732849e-03
4.077415913343429565e-03
4.076894372701644897e-03
4.076491575688123703e-03
4.076117649674415588e-03
4.075553268194198608e-03
4.075190518051385880e-03
4.075443372130393982e-03
4.071014001965522766e-03
4.070526454597711563e-03
4.071055445820093155e-03
4.070057999342679977e-03
4.071394447237253189e-03
4.069680813699960709e-03
4.069501999765634537e-03
4.069347865879535675e-03
4.069199785590171814e-03
4.076425451785326004e-03
4.068914800882339478e-03
4.071833100169897079e-03
4.068688023835420609e-03
4.068571608513593674e-03
4.068407230079174042e-03
4.068666603416204453e-03
4.069681279361248016e-03
4.068128764629364014e-03
4.067922476679086685e-03
4.067820031195878983e-03
4.067812580615282059e-03
4.068214911967515945e-03
4.067429341375827789e-03
4.067345988005399704e-03
4.067236091941595078e-03
4.070153459906578064e-03
4.067061934620141983e-03
4.068045876920223236e-03
4.066712222993373871e-03
4.066630266606807709e-03
4.066559486091136932e-03
4.066419322043657303e-03
4.067451227456331253e-03
4.066586028784513474e-03
4.069129936397075653e-03
4.066045861691236496e-03
4.066273570060729980e-03
4.065850283950567245e-03
4.065750632435083389e-03
4.066335037350654602e-03
4.066065419465303421e-03
4.065261222422122955e-03
4.065186716616153717e-03
4.065144807100296021e-03
4.064972046762704849e-03
4.064879380166530609e-03
4.064796026796102524e-03
4.066563677042722702e-03
4.067152272909879684e-03
4.064911976456642151e-03
4.068288952112197876e-03
4.064376000314950943e-03
4.065388813614845276e-03
4.066406283527612686e-03
4.064189270138740540e-03
4.064694978296756744e-03
4.060273990035057068e-03
4.052786156535148621e-03
4.042256623506546021e-03
4.029120784252882004e-03
4.025777801871299744e-03
4.023972898721694946e-03
4.023808985948562622e-03
4.020180553197860718e-03
4.019727464765310287e-03
4.019672982394695282e-03
4.019971936941146851e-03
4.019454121589660645e-03
3.999689593911170959e-03
3.998925443738698959e-03
3.995338454842567444e-03
3.994946833699941635e-03
3.995827399194240570e-03
3.994794096797704697e-03
3.991015721112489700e-03
3.994835540652275085e-03
3.990624099969863892e-03
3.990568220615386963e-03
3.990513738244771957e-03
3.990767057985067368e-03
3.990752622485160828e-03
3.990824334323406219e-03
3.990380559116601944e-03
3.990384284406900406e-03
3.990260884165763855e-03
3.990236669778823853e-03
3.990267403423786163e-03
3.993178252130746841e-03
3.990155179053544998e-03
3.990431781858205795e-03
3.990367520600557327e-03
3.990396857261657715e-03
3.990455064922571182e-03
3.993292339146137238e-03
3.990009892731904984e-03
3.992062993347644806e-03
3.990009892731904984e-03
3.990549594163894653e-03
3.989968448877334595e-03
3.989979624748229980e-03
3.991064615547657013e-03
3.990170080214738846e-03
3.989913500845432281e-03
3.989886492490768433e-03
3.990036435425281525e-03
3.989996388554573059e-03
3.989879507571458817e-03
3.989850636571645737e-03
3.990237601101398468e-03
3.994298167526721954e-03
3.989949822425842285e-03
3.990709315985441208e-03
3.990054596215486526e-03
3.989807795733213425e-03
3.989982418715953827e-03
3.989883698523044586e-03
3.994624130427837372e-03
3.989781253039836884e-03
3.990674391388893127e-03
3.989876713603734970e-03
3.989771474152803421e-03
3.989764489233493805e-03
3.989761695265769958e-03
3.990060184150934219e-03
3.989988006651401520e-03
3.989738877862691879e-03
3.989765420556068420e-03
3.990002907812595367e-03
3.989828284829854965e-03
3.989810124039649963e-03
3.989908378571271896e-03
3.989941906183958054e-03
3.992738667875528336e-03
3.989754710346460342e-03
3.989889286458492279e-03
3.991661127656698227e-03
3.989701624959707260e-03
3.989714197814464569e-03
3.990374039858579636e-03
3.989756107330322266e-03
3.989690449088811874e-03
3.989877179265022278e-03
3.992976620793342590e-03
3.991480916738510132e-03
3.989695571362972260e-03
3.989684861153364182e-03
3.989737946540117264e-03
3.989892080426216125e-03
3.989698365330696106e-03
3.989678807556629181e-03
3.989934455603361130e-03
3.990232013165950775e-03
3.989665769040584564e-03
3.989732358604669571e-03
3.989907447248697281e-03
3.989658318459987640e-03
3.989810589700937271e-03
3.989657387137413025e-03
3.989660646766424179e-03
3.990603610873222351e-03
3.989674150943756104e-03
3.989671822637319565e-03
3.991241566836833954e-03
3.990053664892911911e-03
3.989944700151681900e-03
3.990102559328079224e-03
3.989654593169689178e-03
3.989679273217916489e-03
3.989645279943943024e-03
3.989711403846740723e-03
3.990249708294868469e-03
3.989730030298233032e-03
3.989640623331069946e-03
3.989723511040210724e-03
3.989735152572393417e-03
3.989927470684051514e-03
3.990437835454940796e-03
3.992173820734024048e-03
3.989631775766611099e-03
3.989643417298793793e-03
3.993307240307331085e-03
3.989629447460174561e-03
3.989806398749351501e-03
3.989629913121461868e-03
3.990109544247388840e-03
3.989638295024633408e-03
3.991111181676387787e-03
3.990344237536191940e-03
3.989679738879203796e-03
3.989688586443662643e-03
3.989647608250379562e-03
3.990320488810539246e-03
3.990005701780319214e-03
3.989831078797578812e-03
3.989889286458492279e-03
3.989651333540678024e-03
3.991410136222839355e-03
3.989625256508588791e-03
3.990074153989553452e-03
3.989842254668474197e-03
3.989625256508588791e-03
3.989639692008495331e-03
3.989804536104202271e-03
3.990223631262779236e-03
3.990984521806240082e-03
3.989756107330322266e-03
3.989621996879577637e-03
3.990590106695890427e-03
3.989614546298980713e-03
3.989979159086942673e-03
3.989630378782749176e-03
