3.263443501056000000e+12
2.637102317568000000e+12
2.144228212736000000e+12
1.974182871040000000e+12
1.869020397568000000e+12
1.761105412096000000e+12
1.621633794048000000e+12
1.509136793600000000e+12
1.431038328832000000e+12
1.358384463872000000e+12
1.374406967296000000e+12
1.304100864000000000e+12
1.324614418432000000e+12
1.254934970368000000e+12
1.269696430080000000e+12
1.206857367552000000e+12
1.212646948864000000e+12
1.162719920128000000e+12
1.157914689536000000e+12
1.221587107840000000e+12
1.108838711296000000e+12
1.067519770624000000e+12
1.059491414016000000e+12
1.015648616448000000e+12
1.008443195392000000e+12
9.626516848640000000e+11
9.530199900160000000e+11
9.095647723520000000e+11
8.969945088000000000e+11
9.232959406080000000e+11
8.390865059840000000e+11
7.993479659520000000e+11
7.794829557760000000e+11
7.425340866560000000e+11
7.204542873600000000e+11
6.841440665600000000e+11
6.600129249280000000e+11
6.251588485120000000e+11
6.016831324160000000e+11
6.043627028480000000e+11
5.471289999360000000e+11
5.164467159040000000e+11
5.001557442560000000e+11
4.731201781760000000e+11
4.583227392000000000e+11
4.343058268160000000e+11
4.189510041600000000e+11
3.973321523200000000e+11
3.809455636480000000e+11
3.829390376960000000e+11
3.406369259520000000e+11
3.623449395200000000e+11
2.895381463040000000e+11
2.893672284160000000e+11
2.836632043520000000e+11
2.458368409600000000e+11
2.418117345280000000e+11
2.291902218240000000e+11
2.209300152320000000e+11
2.232067194880000000e+11
2.076728688640000000e+11
2.103957585920000000e+11
2.052510679040000000e+11
2.065505648640000000e+11
2.027580620800000000e+11
2.036704215040000000e+11
2.007610654720000000e+11
2.007690444800000000e+11
1.984310149120000000e+11
2.024674426880000000e+11
1.962159472640000000e+11
1.951321456640000000e+11
1.937057546240000000e+11
1.922606366720000000e+11
2.030306426880000000e+11
1.581494108160000000e+11
1.480862597120000000e+11
1.389968424960000000e+11
1.290704977920000000e+11
1.172305674240000000e+11
1.136938352640000000e+11
1.101082460160000000e+11
1.075409387520000000e+11
1.044186972160000000e+11
1.024432701440000000e+11
9.944742297600000000e+10
9.786862796800000000e+10
9.486249164800000000e+10
9.327717580800000000e+10
1.000298577920000000e+11
8.833748172800000000e+10
8.658000281600000000e+10
9.214495948800000000e+10
9.331484262400000000e+10
9.016013619200000000e+10
8.993944371200000000e+10
7.429467340800000000e+10
6.536231321600000000e+10
9.811502039040000000e+11
6.774699622400000000e+10
6.530561638400000000e+10
5.507112960000000000e+10
2.244287528960000000e+11
4.595573555200000000e+10
7.655372390400000000e+10
8.221251174400000000e+10
4.333584793600000000e+10
5.808741580800000000e+10
5.753094144000000000e+10
5.602351923200000000e+10
5.422201241600000000e+10
5.143411916800000000e+10
5.084314828800000000e+10
5.214924800000000000e+10
4.412690022400000000e+10
4.978905088000000000e+10
2.968205721600000000e+10
3.265794867200000000e+10
3.219352780800000000e+10
3.282005606400000000e+10
3.210229350400000000e+10
3.220608614400000000e+10
3.226421452800000000e+10
3.221334425600000000e+10
3.219607756800000000e+10
3.218910412800000000e+10
3.167830016000000000e+10
3.220733747200000000e+10
3.156205977600000000e+10
3.238611148800000000e+10
3.177752576000000000e+10
3.126956032000000000e+10
3.154255872000000000e+10
3.172465049600000000e+10
3.181695385600000000e+10
3.178929766400000000e+10
3.103985664000000000e+10
3.149541376000000000e+10
3.028356915200000000e+10
3.237258035200000000e+10
3.160882585600000000e+10
2.998252748800000000e+10
2.971263795200000000e+10
3.060621312000000000e+10
2.996823244800000000e+10
3.183070412800000000e+10
2.945004339200000000e+10
3.072955187200000000e+10
3.167181619200000000e+10
3.161444556800000000e+10
2.876885606400000000e+10
3.206008012800000000e+10
2.956438118400000000e+10
2.856743731200000000e+10
3.123385548800000000e+10
2.867334963200000000e+10
2.941427712000000000e+10
2.891254169600000000e+10
2.805295923200000000e+10
2.963077939200000000e+10
3.087519948800000000e+10
2.936275763200000000e+10
3.069076275200000000e+10
3.017798451200000000e+10
2.931825049600000000e+10
2.827076198400000000e+10
2.781267968000000000e+10
2.851031654400000000e+10
2.835463372800000000e+10
3.089369497600000000e+10
2.813962240000000000e+10
5.396017971200000000e+10
7.995550924800000000e+10
2.607784755200000000e+10
2.652018278400000000e+10
2.304607027200000000e+10
3.094299033600000000e+10
3.122472960000000000e+10
2.589915136000000000e+10
3.824601497600000000e+10
2.744566374400000000e+10
5.237909913600000000e+10
3.145177088000000000e+10
4.076035686400000000e+10
2.450538496000000000e+10
4.311388979200000000e+10
2.502190489600000000e+10
2.274428928000000000e+10
2.435618816000000000e+10
2.216979251200000000e+10
2.273587200000000000e+10
4.044675481600000000e+10
3.020724838400000000e+10
1.857935769600000000e+10
1.778462924800000000e+10
1.652281753600000000e+10
1.657026048000000000e+10
1.443183001600000000e+10
2.180380467200000000e+10
1.437658521600000000e+10
1.929963110400000000e+11
8.838179225600000000e+10
6.683047936000000000e+10
5.445332992000000000e+10
4.675303014400000000e+10
4.147995443200000000e+10
3.728922624000000000e+10
3.343640166400000000e+10
3.075211673600000000e+10
2.886867353600000000e+10
2.716705587200000000e+10
2.588357427200000000e+10
2.478541414400000000e+10
2.389277491200000000e+10
2.311973068800000000e+10
2.252949504000000000e+10
2.191762841600000000e+10
2.136675737600000000e+10
2.085356748800000000e+10
2.046659993600000000e+10
1.997345177600000000e+10
1.954926796800000000e+10
1.912318566400000000e+10
1.871066112000000000e+10
1.833911500800000000e+10
1.795663462400000000e+10
1.757919641600000000e+10
1.710388326400000000e+10
1.648197017600000000e+10
1.577443020800000000e+10
1.513050009600000000e+10
1.468104499200000000e+10
1.434737868800000000e+10
1.405790822400000000e+10
1.376756224000000000e+10
1.354541670400000000e+10
1.332086476800000000e+10
1.317099520000000000e+10
1.301175296000000000e+10
1.292389580800000000e+10
1.274518323200000000e+10
1.258031001600000000e+10
1.248898560000000000e+10
1.238526873600000000e+10
1.227480780800000000e+10
1.219410124800000000e+10
1.206772326400000000e+10
1.202322534400000000e+10
1.194677555200000000e+10
1.191800320000000000e+10
1.177686016000000000e+10
1.168540160000000000e+10
1.163152998400000000e+10
1.157438976000000000e+10
1.149509939200000000e+10
1.145123635200000000e+10
1.137556889600000000e+10
1.131872768000000000e+10
1.124587417600000000e+10
1.127246745600000000e+10
1.115578572800000000e+10
1.108319232000000000e+10
1.102782156800000000e+10
1.100655820800000000e+10
1.093436108800000000e+10
1.092216832000000000e+10
1.089738342400000000e+10
1.083126374400000000e+10
1.075439206400000000e+10
1.075431526400000000e+10
1.066628710400000000e+10
1.065880371200000000e+10
1.061194956800000000e+10
1.056737075200000000e+10
1.050314649600000000e+10
1.047050342400000000e+10
1.044764057600000000e+10
1.041811660800000000e+10
1.033600409600000000e+10
1.037186867200000000e+10
1.030031667200000000e+10
1.023453388800000000e+10
1.019803443200000000e+10
1.016459059200000000e+10
1.011662540800000000e+10
1.013484236800000000e+10
1.007233843200000000e+10
1.002161766400000000e+10
9.974962176000000000e+09
1.003921305600000000e+10
9.910300672000000000e+09
9.876672512000000000e+09
9.856833536000000000e+09
9.815148544000000000e+09
9.780044800000000000e+09
9.741914112000000000e+09
9.743456256000000000e+09
9.693921280000000000e+09
9.630279680000000000e+09
9.658102784000000000e+09
9.607478272000000000e+09
9.560219648000000000e+09
9.512451072000000000e+09
9.504799744000000000e+09
9.465359360000000000e+09
9.401479168000000000e+09
9.390356480000000000e+09
9.377599488000000000e+09
9.366540288000000000e+09
9.329004544000000000e+09
9.286225920000000000e+09
9.259693056000000000e+09
9.234572288000000000e+09
9.193253888000000000e+09
9.185469440000000000e+09
9.149251584000000000e+09
9.102913536000000000e+09
9.037574144000000000e+09
9.076276224000000000e+09
9.137249280000000000e+09
8.999198720000000000e+09
8.974078976000000000e+09
8.918589440000000000e+09
8.901239808000000000e+09
8.887242752000000000e+09
8.872270848000000000e+09
8.859303936000000000e+09
8.775294976000000000e+09
8.805798912000000000e+09
8.773339136000000000e+09
8.700983296000000000e+09
8.733240320000000000e+09
8.675152896000000000e+09
8.641946624000000000e+09
8.614328320000000000e+09
8.628472832000000000e+09
8.583884800000000000e+09
8.561210368000000000e+09
8.504572928000000000e+09
8.557122560000000000e+09
8.451126272000000000e+09
8.403430400000000000e+09
8.346893824000000000e+09
8.273690624000000000e+09
8.185419264000000000e+09
8.121889280000000000e+09
8.045958656000000000e+09
7.992695808000000000e+09
7.944937984000000000e+09
7.929928704000000000e+09
7.865711104000000000e+09
7.883873280000000000e+09
7.806703104000000000e+09
7.804230656000000000e+09
7.779649536000000000e+09
7.738642432000000000e+09
7.714460672000000000e+09
7.672141824000000000e+09
7.663116288000000000e+09
7.639940608000000000e+09
7.561240064000000000e+09
7.239204352000000000e+09
7.171489792000000000e+09
7.102085120000000000e+09
6.442037248000000000e+09
6.323902464000000000e+09
6.324860928000000000e+09
6.307260416000000000e+09
6.192460800000000000e+09
6.142617088000000000e+09
6.116093440000000000e+09
6.071739392000000000e+09
6.033912832000000000e+09
5.937131520000000000e+09
5.808517632000000000e+09
5.728976384000000000e+09
5.848741888000000000e+09
5.712593920000000000e+09
5.577551872000000000e+09
5.700174848000000000e+09
5.545854464000000000e+09
5.564196864000000000e+09
5.648873472000000000e+09
5.429234688000000000e+09
5.457698816000000000e+09
5.601914880000000000e+09
5.374233088000000000e+09
5.385704448000000000e+09
5.341748736000000000e+09
5.449738240000000000e+09
5.273612288000000000e+09
5.281537024000000000e+09
5.269061120000000000e+09
5.264092160000000000e+09
5.061979648000000000e+09
5.136628224000000000e+09
5.274791424000000000e+09
5.193812992000000000e+09
4.804244480000000000e+09
5.497840640000000000e+09
