2.166080474853515625e+00
1.087781190872192383e+00
8.061583042144775391e-01
6.033278703689575195e-01
4.605988264083862305e-01
3.567504584789276123e-01
2.757780849933624268e-01
2.223440408706665039e-01
1.706480979919433594e-01
1.348756253719329834e-01
1.102380603551864624e-01
9.128665924072265625e-02
7.489934563636779785e-02
6.258638948202133179e-02
5.830255895853042603e-02
5.079363286495208740e-02
5.020002275705337524e-02
4.232909157872200012e-02
3.925744816660881042e-02
3.703431040048599243e-02
3.641822189092636108e-02
3.296877071261405945e-02
3.233895078301429749e-02
3.183788433670997620e-02
2.796746976673603058e-02
2.720115520060062408e-02
2.494931593537330627e-02
2.506010234355926514e-02
2.441174350678920746e-02
2.573220618069171906e-02
2.216611430048942566e-02
2.244692295789718628e-02
2.035052143037319183e-02
1.896342821419239044e-02
1.838684454560279846e-02
1.753663085401058197e-02
1.668772660195827484e-02
1.639484241604804993e-02
1.544224936515092850e-02
1.468199025839567184e-02
1.457418315112590790e-02
1.462659891694784164e-02
1.289942581206560135e-02
1.244434621185064316e-02
1.215243246406316757e-02
1.133153773844242096e-02
1.116300281137228012e-02
1.000503823161125183e-02
1.029731240123510361e-02
1.035994477570056915e-02
1.003732532262802124e-02
9.399283677339553833e-03
8.657836355268955231e-03
8.746157400310039520e-03
8.219367824494838715e-03
8.353146724402904510e-03
7.752270903438329697e-03
7.388534024357795715e-03
7.235259748995304108e-03
7.751786150038242340e-03
6.674141623079776764e-03
6.641678512096405029e-03
6.323864217847585678e-03
6.208213046193122864e-03
5.932374391704797745e-03
2.081907168030738831e-02
5.783863365650177002e-03
5.338897928595542908e-03
5.354380235075950623e-03
5.094793159514665604e-03
4.956919234246015549e-03
5.311277695000171661e-03
4.833158105611801147e-03
5.437496118247509003e-03
4.501309245824813843e-03
4.352053161710500717e-03
4.293968435376882553e-03
9.367031976580619812e-03
6.972251925617456436e-03
6.117896176874637604e-03
5.802829749882221222e-03
5.349290557205677032e-03
5.135946907103061676e-03
4.954699892550706863e-03
4.782113712280988693e-03
4.613176919519901276e-03
4.577577114105224609e-03
4.242911934852600098e-03
4.041125066578388214e-03
3.839868586510419846e-03
3.693830687552690506e-03
3.613670123741030693e-03
3.520277328789234161e-03
3.438343061134219170e-03
3.358246525749564171e-03
3.279931377619504929e-03
1.092391181737184525e-02
4.078915342688560486e-03
3.875892609357833862e-03
3.695948980748653412e-03
3.534647170454263687e-03
3.389904275536537170e-03
3.262299578636884689e-03
3.176328260451555252e-03
3.063810989260673523e-03
2.989697270095348358e-03
2.929825102910399437e-03
2.877203281968832016e-03
2.826824318617582321e-03
2.775648375973105431e-03
2.725102938711643219e-03
2.673234790563583374e-03
2.620481420308351517e-03
2.567469375208020210e-03
2.514120191335678101e-03
2.460808260366320610e-03
2.405743580311536789e-03
7.338055409491062164e-03
3.261811565607786179e-03
3.082768991589546204e-03
2.946519991382956505e-03
2.833509352058172226e-03
2.734378213062882423e-03
2.642568899318575859e-03
2.555024111643433571e-03
2.467644633725285530e-03
2.381375292316079140e-03
2.301393775269389153e-03
2.234198851510882378e-03
2.179043833166360855e-03
2.138496376574039459e-03
2.092495094984769821e-03
2.054686890915036201e-03
2.018339931964874268e-03
1.983442809432744980e-03
1.948184915818274021e-03
1.911346334964036942e-03
1.874446519650518894e-03
1.836484763771295547e-03
1.797694014385342598e-03
1.759576844051480293e-03
1.719568739645183086e-03
1.679348293691873550e-03
7.870323024690151215e-03
3.664929652586579323e-03
3.401531372219324112e-03
3.279305296018719673e-03
3.188885748386383057e-03
3.116585547104477882e-03
3.056662622839212418e-03
3.006508573889732361e-03
2.962414640933275223e-03
2.922835992649197578e-03
2.886699512600898743e-03
2.852570731192827225e-03
2.820391440764069557e-03
2.788399113342165947e-03
2.758092479780316353e-03
2.727573737502098083e-03
2.698386786505579948e-03
2.669939538463950157e-03
2.641443395987153053e-03
2.613608958199620247e-03
2.586198272183537483e-03
2.559818793088197708e-03
2.533374587073922157e-03
2.507710130885243416e-03
2.482200041413307190e-03
2.457265509292483330e-03
2.433073008432984352e-03
2.408739412203431129e-03
2.385359257459640503e-03
2.361584920436143875e-03
2.338064834475517273e-03
2.314234385266900063e-03
2.290865872055292130e-03
2.266775351017713547e-03
2.242541639134287834e-03
2.217050641775131226e-03
2.191454404965043068e-03
2.164264908060431480e-03
2.136107301339507103e-03
2.105186926200985909e-03
2.072734758257865906e-03
2.036680467426776886e-03
1.997031271457672119e-03
1.952957245521247387e-03
1.904790638945996761e-03
1.853323192335665226e-03
1.804286148399114609e-03
1.762145780958235264e-03
1.726341666653752327e-03
1.694892067462205887e-03
1.665675081312656403e-03
1.638937741518020630e-03
1.613765023648738861e-03
1.590947387740015984e-03
1.569865271449089050e-03
1.551632885821163654e-03
1.535477815195918083e-03
1.520532998256385326e-03
1.505887834355235100e-03
2.496308879926800728e-03
2.307226182892918587e-03
2.231245860457420349e-03
2.178811468183994293e-03
2.138021634891629219e-03
2.104236045852303505e-03
2.073920797556638718e-03
2.045063767582178116e-03
2.016976010054349899e-03
1.988805830478668213e-03
1.960440538823604584e-03
1.931555918417870998e-03
1.902232179418206215e-03
1.871920423582196236e-03
1.841118792071938515e-03
1.809644512832164764e-03
1.777081750333309174e-03
1.744042150676250458e-03
1.709961565211415291e-03
1.675565727055072784e-03
1.640158123336732388e-03
1.604594523087143898e-03
1.568640233017504215e-03
1.531871967017650604e-03
1.495054224506020546e-03
1.457580481655895710e-03
1.419469597749412060e-03
1.380959176458418369e-03
1.341382274404168129e-03
1.301151583902537823e-03
1.259290263988077641e-03
1.216463511809706688e-03
1.171847339719533920e-03
7.311368465423583984e+00
6.013907026499509811e-03
3.973311744630336761e-03
3.277831012383103371e-03
2.984181046485900879e-03
2.813239116221666336e-03
2.690540859475731850e-03
2.594958990812301636e-03
2.518475288525223732e-03
2.456340938806533813e-03
2.405286533758044243e-03
2.362817991524934769e-03
2.327203284949064255e-03
2.297078724950551987e-03
2.271295525133609772e-03
2.248727018013596535e-03
2.229151315987110138e-03
2.211628248915076256e-03
2.196051413193345070e-03
2.181684831157326698e-03
2.168515464290976524e-03
2.156037138774991035e-03
2.144264057278633118e-03
2.132663270458579063e-03
2.121442928910255432e-03
2.110269386321306229e-03
2.099020173773169518e-03
2.087975386530160904e-03
2.076481236144900322e-03
2.065117005258798599e-03
2.053523669019341469e-03
2.041695639491081238e-03
2.029862254858016968e-03
2.017653081566095352e-03
2.005407121032476425e-03
1.992884557694196701e-03
1.980409258976578712e-03
1.967565855011343956e-03
1.954885199666023254e-03
1.942109200172126293e-03
1.929016085341572762e-03
1.915974076837301254e-03
1.902989810332655907e-03
1.889808685518801212e-03
1.876765629276633263e-03
1.863740850239992142e-03
1.850629108957946301e-03
1.837555901147425175e-03
1.824549166485667229e-03
1.811409951187670231e-03
1.798370387405157089e-03
1.785162952728569508e-03
1.772139570675790310e-03
1.758854370564222336e-03
1.745416433550417423e-03
1.731809810735285282e-03
1.718147075735032558e-03
1.704097259789705276e-03
1.689763856120407581e-03
1.675017760135233402e-03
1.659930101595818996e-03
1.644498552195727825e-03
1.628334401175379753e-03
1.611765939742326736e-03
1.594397472217679024e-03
